Мировая экономика, 2 курс, семинар 2 по теории игр, 22.09.12
43,67,77,11,17,22,21,13,86,14,72,36,27,41,13,47,88,67,26,62,25,3,35
26,17,19,10,17,30,35,13,15,15,36,18,15,10,14,8,50,25,11,11,22,12,9,7,10
10,12,17,13,7,5,5,5,2,6,5,8,3,7,12,6,6,6,5,2,23,2,4,5,3
2,51,2,71,99,100,100,33,37,20,45,2,100,77,100,100,73,8,22,26,88,99,37,44,3
Мировая экономика, 2 курс, семинар 2 по теории игр, 22.09.12
18,73,11,37,19,83,22,7,31,98,36,17,77,15,43,20
35,44,23,27,77,16,9,49,27,7,54,33,33,41,22,8
25,5,15,20,9,14,16,8,13,17,18,18,13,19,20,9
13,6,11,3,5,6,4,6,11,3,10,11,10,100,11,4
Мировая экономика, 2 курс, семинар 2 по теории игр, 24.09.12
57,19,25,37,71,16,25,39,42,31,17,17,32,21,20,23,20,4,72
20,18,23,98,13,11,10,26,42,9,9,11,17,44,19,24,14,13,7
7,15,10,18,12,19,13,6,10,13,8,11,10,8,6,8,6,5,4
4,13,1,5,4,12,7,2,98,7,11,3,2,7,1,2,3,99,17
